0.00000867885084867760
0.00000745748525403235
0.00004626411130668859
0.00004067976107102963
0.00001083608705676750
0.00000257350475161931
0.00002071782794301397
0.00003769219949659882
0.00003772713066394024
0.00004452751801696358
0.00003178281949758988
0.00004128871108266266
0.00003527880271630197
0.00001938479518317868
0.00003205821338817463
0.00003757946240419640
0.00003857564792008320
0.00003554588281053904
0.00002830043788387611
0.00005039440463792262
0.00004291084922998200
0.00000069243448127257
0.00001444394918626918
0.00002493659191530887
0.00000101668510651594
0.00000524427873152895
0.00002650070021907056
0.00001125569185620662
0.00004933127960083186
0.00003781114713265204
